 0.0000000  0.0000000 22.0000000  8.4852814  8.4852814   0.0000000
 0.0000000  1.0000000 21.0000000  8.4852814  8.4852814   0.0000000
 0.0000000  2.0000000 20.0000000  8.4852814  8.4852814   0.0000000
 0.0000000  3.0000000 19.0000000  8.4852814  8.4852814   0.0000000
 0.0000000  4.0000000 18.0000000  8.4852814  8.4852814   0.0000000
 0.0000000  5.0000000 17.0000000  8.4852814  7.0710678   0.0000000
 0.0000000  6.0000000 16.0000000  8.4852814 22.6274170  28.2842712
 0.0000000  6.8806075 15.3115944 10.2294117 37.0408157  40.0000000
 0.1209958  7.6370360 15.4328890 15.3259686  5.9164739 -18.8189894
 0.4672918  8.5179569 13.9765976 13.0481014 34.0033951  40.0000000
 0.6692675  9.2568952 14.3872701 13.3498403  5.5845439 -15.5305928
 1.1165360 10.1102763 12.8729884 12.8657080 31.2544028  36.7773896
 1.4235584 10.8500645 13.4573205 11.3566691 29.1062841  35.4992300
 1.8794097 11.5245987 14.8695079 10.4754729 28.1207823  35.2906188
 2.4587020 12.0996251 17.8504386 10.0966133 10.7014654   0.0000000
 3.2907996 12.6542543 16.8504386  9.5309906 13.5283251   0.0000000
 4.1228972 13.2088835 15.8504386  8.9653679 16.3551847  14.7796336
 4.9274642 13.7451624 28.6135763  8.5958457 13.4297572   9.6678230
 5.7912658 14.2201827 26.8435280  8.2482159 12.7040841   8.9117364
 6.6822251 14.6470241 25.2643024  7.9508802 12.2144487   8.5271370
 7.5949760 15.0276808 23.8135978  7.7053636 11.8104634   8.2101996
 8.5261830 15.3630315 22.4642185  7.5114856 11.4524274   0.0000000
 9.4820951 15.6566846 21.4642185  7.1791394 12.0795059   9.8007330
10.4240563 15.9460521 20.1598931  7.0758279 11.4862261   8.8207964
11.3836058 16.1821670 18.9580529  7.0263462 11.0253250   0.0000000
12.3655839 16.3711614 17.9580529  6.7980929 11.3623790   9.1285722
13.3351252 16.5577621 16.8230321  6.8267685 10.8621265   8.0707160
14.3159126 16.6932066 15.7484132  5.7530330 10.4520426   9.3980192
15.2984606 16.7822858 14.7110482 21.5808763  9.9559419 -23.2498688
16.2166589 16.8153155 13.9799760 23.8062124 11.7712277 -24.0699694
17.1168645 16.9679150 13.5034993 27.8398253 14.5328458 -26.6139590
17.9698363 17.2357876 13.3873543 34.6474159 12.7216269 -40.0000000
18.6582203 17.5718704 14.4711767 32.6448141 11.4175654 -40.0000000
19.2586074 18.0476428 16.9831255  3.9724634 10.7960356  13.6471444
19.8732253 18.8003555 14.6460460 31.2071456 10.1292095 -40.0000000
20.4028945 19.3537763 18.4352499 10.1979127  9.8751525   0.0000000
20.9234790 20.2075865 17.4352499 12.4072795  9.3394856   0.0000000
21.4440635 21.0613966 16.4352499 14.6166464  8.8038188 -11.6256552
21.9539683 21.8976909 17.4135260 13.1634495  8.4355760  -9.4557470
22.4097466 22.7724916 18.3873555 12.5220991  8.1097572  -8.8246838
22.8176575 23.6725325 19.6410355 12.0574740  7.8349293  -8.4450894
23.1793729 24.5931810 21.3358829 11.6664342  7.6118904  -8.1090876
23.4958552 25.5312330 23.6709753 11.3177575  7.4402514   0.0000000
23.7706282 26.4927421 22.6709753 11.8836047  7.1259318  -9.5153458
24.0416207 27.4410222 23.1329217 11.3345085  7.0421938  -8.5846294
24.2605132 28.4052859 21.9236528 10.8979381  7.0119678   0.0000000
24.4330894 29.3902821 20.9236528 11.1983487  6.8011304  -8.7944366
24.6036366 30.3636979 19.7844631 10.7300132  6.8465535   0.0000000
24.7257899 31.3562091 18.7844631 10.9284957  6.6915733  -8.4738448
24.8466097 32.3378854 17.7096955 10.4783018  6.8075982   0.0000000
24.9198640 33.3351987 16.7096955 10.5904130  6.7108296   0.0000000
24.9931184 34.3325120 15.7096955 10.7025242  6.6140610  -8.1769264
25.0656280 35.3196861 14.6852361 10.2614067  6.8043762   0.0000000
25.0915173 36.3193510 13.6852361 10.2990057  6.7686755   0.0000000
