22.0000000  8.4852814  8.4852814   0.0000000
21.0000000  8.4852814  8.4852814   0.0000000
20.0000000  8.4852814  8.4852814   0.0000000
19.0000000  8.4852814  8.4852814   0.0000000
18.0000000  8.4852814  8.4852814   0.0000000
17.0000000  8.4852814  7.0710678   0.0000000
16.0000000  8.4852814 22.6274170  28.2842712
15.3115944 10.2294117 37.0408157  40.0000000
15.4328890 15.3259686  5.9164739 -18.8189894
13.9765976 13.0481014 34.0033951  40.0000000
14.3872701 13.3498403  5.5845439 -15.5305928
12.8729884 12.8657080 31.2544028  36.7773896
13.4573205 11.3566691 29.1062841  35.4992300
14.8695079 10.4754729 28.1207823  35.2906188
17.8504386 10.0966133 10.7014654   0.0000000
16.8504386  9.5309906 13.5283251   0.0000000
15.8504386  8.9653679 16.3551847  14.7796336
28.6135763  8.5958457 13.4297572   9.6678230
26.8435280  8.2482159 12.7040841   8.9117364
25.2643024  7.9508802 12.2144487   8.5271370
23.8135978  7.7053636 11.8104634   8.2101996
22.4642185  7.5114856 11.4524274   0.0000000
21.4642185  7.1791394 12.0795059   9.8007330
20.1598931  7.0758279 11.4862261   8.8207964
18.9580529  7.0263462 11.0253250   0.0000000
17.9580529  6.7980929 11.3623790   9.1285722
16.8230321  6.8267685 10.8621265   8.0707160
15.7484132  5.7530330 10.4520426   9.3980192
14.7110482 21.5808763  9.9559419 -23.2498688
13.9799760 23.8062124 11.7712277 -24.0699694
13.5034993 27.8398253 14.5328458 -26.6139590
13.3873543 34.6474159 12.7216269 -40.0000000
14.4711767 32.6448141 11.4175654 -40.0000000
16.9831255  3.9724634 10.7960356  13.6471444
14.6460460 31.2071456 10.1292095 -40.0000000
18.4352499 10.1979127  9.8751525   0.0000000
17.4352499 12.4072795  9.3394856   0.0000000
16.4352499 14.6166464  8.8038188 -11.6256552
17.4135260 13.1634495  8.4355760  -9.4557470
18.3873555 12.5220991  8.1097572  -8.8246838
19.6410355 12.0574740  7.8349293  -8.4450894
21.3358829 11.6664342  7.6118904  -8.1090876
23.6709753 11.3177575  7.4402514   0.0000000
22.6709753 11.8836047  7.1259318  -9.5153458
23.1329217 11.3345085  7.0421938  -8.5846294
21.9236528 10.8979381  7.0119678   0.0000000
20.9236528 11.1983487  6.8011304  -8.7944366
19.7844631 10.7300132  6.8465535   0.0000000
18.7844631 10.9284957  6.6915733  -8.4738448
17.7096955 10.4783018  6.8075982   0.0000000
16.7096955 10.5904130  6.7108296   0.0000000
15.7096955 10.7025242  6.6140610  -8.1769264
14.6852361 10.2614067  6.8043762   0.0000000
13.6852361 10.2990057  6.7686755   0.0000000
